6597
4371
4388
2061
2313
5184
1877
2072
7493
9956
5811
8189
903
8245
7985
5614
2580
4523
1124
8702
7341
8579
5481
2731
6017
1359
6047
4998
955
1842
3340
1868
8334
1705
5882
4458
6804
4369
4792
7576
950
5682
2441
1070
2654
9389
2946
8594
898
9577
5966
3644
4866
7070
3432
8731
3606
3151
4065
9674
952
4221
4245
7302
2348
6971
2684
2011
8780
7398
8305
4934
7188
8277
3644
9724
8949
7015
312
7227
2581
7605
4783
7438
7022
9144
954
1165
7157
9605
2421
8862
9005
5544
6967
8441
4927
2152
2882
8554
2774
6884
7423
8673
575
1447
7018
464
5482
2300
4515
7425
5840
7554
2659
1484
8698
629
3549
1023
3836
7876
4423
8184
5411
4299
6702
5762
3708
1465
11
8050
4600
6688
3123
637
7766
1081
8619
5250
7347
3500
3839
7508
9596
124
7511
6944
1755
721
3298
7413
48
9059
8457
6090
7469
4807
3298
2638
458
1103
487
3522
2816
9237
4056
7465
8762
132
1266
6224
834
3335
3522
3906
5701
4748
9519
6467
4560
3769
1425
6560
2119
6844
8989
2195
1984
3482
1938
4762
1781
2996
5287
7646
6445
7830
1061
772
9100
9707
8849
1261
3078
8972
3504
2957
47
4147
9262
403
8798
6806
9246
5409
7515
7454
3677
888
7139
714
7765
1171
4428
8341
7950
314
3792
2409
6434
8149
2783
7743
6313
9787
5609
8021
9986
777
8776
8987
5764
8571
6401
2913
2626
4860
2959
6112
8567
6691
6618
235
5623
8850
7450
4737
5637
9577
9962
7489
6360
7313
2191
1133
3891
28
35
4164
7236
6145
7600
5979
7827
4364
100
5576
4750
3438
5194
7129
7567
3775
8476
2162
785
5371
2905
5165
2058
4727
2843
6880
2743
8541
962
6470
2170
1397
7211
4735
6983
3310
580
8995
7415
6231
6021
1590
2062
3072
5313
6423
2865
3386
4799
3544
2446
6931
6621
4346
8859
8733
9722
5596
1899
3161
697
3253
3811
9691
701
9148
4313
5889
7675
3717
76
5218
8353
724
1281
4025
8625
9459
1676
5138
7687
5932
1199
7841
8201
8340
2892
7088
3077
7330
2328
5002
4885
5420
3334
1137
7982
9258
7819
3433
2611
8859
1812
7572
2205
3650
289
8717
8115
9478
7394
1143
6831
875
8397
4327
2433
5633
4493
6135
6542
2075
9332
7226
6144
9711
2695
5521
2228
7867
249
904
1580
7167
4541
7063
4475
6023
1497
3585
8678
5793
8541
7047
3187
4676
6934
3458
3149
5665
4472
423
8418
3947
3373
4481
5690
7419
8453
6723
8560
2193
4500
3992
1456
3124
2480
5550
4499
6970
7950
6457
6435
3466
2920
1572
7895
1356
8936
6593
6310
3582
5597
7425
2894
9733
531
3952
456
7381
1798
1026
8361
91
874
9970
2327
1984
2923
2312
5096
2253
8878
1919
4192
1278
3516
9541
117
4060
8049
6383
9955
7565
9350
3374
6935
7492
3352
8347
6166
8364
710
8465
1061
7884
2610
9086
6708
8943
4033
1534
914
5659
7956
5574
7912
4536
1545
200
7067
5323
6441
7383
7270
2118
95
5219
6768
7875
439
3102
5439
5290
2675
670
7992
4856
91
754
6746
9788
4074
8899
6915
9464
2169
5326
2158
6601
4409
6751
3848
1330
6312
8506
9522
3664
1755
6405
4981
7100
5441
1327
679
4282
5290
5768
5811
5102
8819
3739
1163
2868
7257
9370
9047
4953
4485
1040
2453
2414
7890
6748
1050
8936
9237
8026
6551
5967
2960
6925
5528
230
8374
1006
2652
9263
8722
7168
1962
7026
2695
473
1345
9076
5140
8083
5826
2394
5107
1891
9849
175
2247
7365
4246
7993
1026
5683
6012
6233
6404
7994
219
3674
6807
1714
5179
1886
9550
4734
1526
7585
2460
1797
3032
1777
688
8412
9410
2957
4977
330
5617
6966
6237
3941
6408
821
2910
8058
9770
7770
6671
5193
7325
153
7509
7010
7896
8694
4723
1561
7575
3672
3431
9070
5203
8344
2474
8597
8692
3884
2875
5614
6889
101
1132
1780
9894
1003
8938
4474
7217
8152
4148
8324
9455
196
6627
7770
8600
3043
1645
4452
4799
9683
9312
3106
8750
4331
1290
3670
7707
3347
7020
5092
4140
5969
7073
841
6436
5025
2139
8643
6154
2717
6930
5379
8685
3384
8749
8221
3611
5462
2336
5178
672
3142
811
1575
9113
7621
9146
7577
748
369
1427
6119
9864
916
2697
7444
9083
2922
2452
4964
4211
3093
8999
4202
5417
6631
8836
3133
9937
2761
8910
1356
522
5961
7964
1373
6209
651
6639
2770
3631
8137
4441
9678
85
5161
4630
9464
939
4465
2040
3136
201
2773
5260
5892
9099
6191
4084
619
8396
4857
7696
9391
1812
4694
1126
3513
3855
9439
1296
5300
8585
743
2276
1515
4339
9171
2777
8819
4902
640
7112
4022
150
1125
9975
1447
3747
5566
1444
2170
9548
7732
6769
9553
5487
2765
4788
3924
8103
202
3058
5783
8700
203
7624
1700
7503
6395
4731
5147
318
8661
321
9123
8680
2550
1588
1120
7425
330
9392
2319
1104
508
8760
4799
3442
3760
8220
8406
2705
6038
9798
8724
1343
5753
9959
9319
1129
5953
2167
9049
6733
4637
279
6418
3364
7233
7779
5584
8741
91
4616
956
2606
5761
3232
5091
5316
7809
9647
1502
8736
5084
6355
2639
7913
9930
9871
1679
7778
3401
4233
6188
4432
5754
8364
4408
1400
2317
7115
8455
9238
8841
9764
6078
1776
20
7757
5628
9124
3361
6264
9974
7489
5861
195
6619
7632
3119
9433
6569
128
8304
9088
4925
2276
9935
3082
3511
4482
7811
9154
6960
9175
3191
8975
7487
1557
2065
231
9069
8228
8235
5382
264
3913
1481
5635
994
4998
4615
8700
2798
552
8063
9288
4766
2382
4756
4235
9814
2730
7137
3944
5241
1496
7230
1745
8761
6230
6483
8535
6705
2358
3690
3362
7159
4928
7087
9550
6484
7392
5219
9642
4821
1851
8812
1278
2285
8613
39
7124
8304
7086
1443
4613
3002
1504
1334
7855
2914
