0 2 11 10 
1 5 3 2 11 10 12 
2 3 3 1 12 
3 4 13 2 1 12 
4 5 24 25 15 16 5 
5 5 15 16 4 6 7 
6 4 8 17 5 7 
7 4 8 17 5 6 
8 7 27 18 19 17 9 6 7 
9 4 18 19 8 17 
10 5 21 20 11 1 0 
11 6 21 20 10 1 12 0 
12 9 13 22 3 32 21 20 2 11 1 
13 9 24 14 25 15 23 22 3 32 12 
14 8 35 24 34 25 15 23 13 22 
15 7 24 14 25 16 13 5 4 
16 8 26 35 36 24 25 15 5 4 
17 8 27 28 18 19 8 9 6 7 
18 7 27 28 29 19 8 17 9 
19 7 27 28 29 18 8 17 9 
20 6 31 21 30 11 10 12 
21 6 31 20 30 11 10 12 
22 9 24 33 14 25 42 23 13 32 12 
23 7 33 14 31 42 13 22 32 
24 9 35 34 14 25 15 16 13 22 4 
25 10 26 35 24 34 14 15 16 13 22 4 
26 6 47 27 35 36 25 16 
27 9 26 36 39 28 37 18 19 8 17 
28 6 27 39 29 18 19 17 
29 4 39 28 18 19 
30 4 31 21 20 40 
31 6 33 23 32 21 20 30 
32 7 33 31 42 23 13 22 12 
33 7 43 52 31 42 23 22 32 
34 7 55 46 35 24 45 14 25 
35 9 46 26 36 24 34 45 14 25 16 
36 7 47 46 26 27 35 37 16 
37 7 49 48 47 38 27 36 39 
38 5 58 49 48 39 37 
39 6 49 38 27 28 37 29 
40 2 51 30 
41 8 43 50 51 61 52 62 71 60 
42 6 43 33 52 23 22 32 
43 9 63 50 53 33 41 61 52 62 42 
44 7 65 55 56 63 46 54 45 
45 5 44 55 46 35 34 
46 8 44 47 55 56 35 36 34 45 
47 5 48 46 26 36 37 
48 7 59 58 49 47 67 38 37 
49 5 58 48 38 39 37 
50 8 43 51 41 61 52 62 71 60 
51 7 50 41 61 52 62 60 40 
52 9 43 50 33 51 41 61 62 42 60 
53 5 64 63 54 43 62 
54 8 65 44 64 74 55 56 63 53 
55 6 44 56 46 54 34 45 
56 7 66 65 57 44 55 46 54 
57 6 77 66 78 76 67 56 
58 7 59 49 48 69 68 67 38 
59 7 79 78 58 48 69 68 67 
60 7 50 51 41 61 52 62 71 
61 9 72 43 50 51 41 52 62 71 60 
62 10 63 43 50 53 51 41 61 52 71 60 
63 8 65 44 64 74 54 43 53 62 
64 7 65 84 74 73 63 54 53 
65 10 85 84 44 64 74 76 56 75 63 54 
66 6 77 57 78 76 67 56 
67 7 66 57 78 59 58 48 68 
68 4 59 58 69 67 
69 3 59 58 68 
70 6 72 81 91 90 71 80 
71 8 72 81 50 70 41 61 62 60 
72 8 82 83 73 81 91 70 61 71 
73 7 84 64 74 82 83 93 72 
74 9 65 84 64 82 75 83 73 63 54 
75 8 85 65 84 95 74 96 76 86 
76 9 87 77 85 66 65 57 84 86 75 
77 9 88 87 85 66 97 57 78 76 86 
78 8 79 87 77 66 89 57 59 67 
79 4 88 89 78 59 
80 4 81 91 90 70 
81 8 82 83 72 91 90 70 71 80 
82 7 84 74 83 93 73 72 81 
83 6 74 82 93 73 72 81 
84 10 85 65 95 64 74 76 86 82 75 73 
85 9 87 77 65 84 95 96 76 86 75 
86 9 87 77 85 97 84 95 96 76 75 
87 7 88 77 85 97 78 76 86 
88 5 99 79 87 77 89 
89 3 88 79 78 
90 4 81 91 70 80 
91 5 72 81 90 70 80 
92 2 94 93 
93 5 94 82 83 73 92 
94 3 95 93 92 
95 6 85 84 96 86 94 75 
96 5 85 97 95 86 75 
97 5 98 87 77 96 86 
98 2 99 97 
99 2 98 88 
