0 4 28 126 170 199 
1 1 161 
2 3 119 137 145 
3 1 151 
4 3 17 46 72 
5 2 118 167 
6 2 9 107 
7 1 11 
8 1 3 
9 4 22 56 151 168 
10 4 1 81 178 189 
11 1 88 
12 1 173 
13 3 88 171 185 
14 1 170 
15 3 42 66 172 
16 1 112 
17 3 99 121 130 
18 1 76 
19 4 22 64 72 150 
20 1 23 
21 3 60 72 116 
22 2 37 81 
23 2 82 158 
24 2 67 99 
25 4 30 112 158 165 
26 1 195 
27 1 138 
28 2 81 152 
29 3 33 60 122 
30 1 66 
31 1 21 
32 3 7 182 186 
33 3 161 173 196 
34 1 102 
35 1 186 
36 4 20 51 82 161 
37 3 59 65 139 
38 1 166 
39 4 34 45 55 168 
40 2 27 166 
41 4 21 41 54 117 
42 4 107 139 167 173 
43 2 102 179 
44 3 7 16 183 
45 4 122 129 154 195 
46 4 10 116 122 187 
47 3 57 66 157 
48 2 82 171 
49 4 16 44 81 163 
50 2 17 179 
51 2 15 196 
52 2 22 62 
53 3 112 143 153 
54 3 22 44 138 
55 3 87 101 106 
56 3 17 163 166 
57 4 24 81 83 133 
58 4 18 35 37 134 
59 4 28 69 99 153 
60 2 58 134 
61 4 3 57 72 167 
62 1 93 
63 4 14 51 123 187 
64 2 155 175 
65 1 127 
66 4 27 104 188 189 
67 1 145 
68 3 136 177 179 
69 4 107 134 139 187 
70 4 20 61 106 139 
71 4 64 79 139 183 
72 4 34 103 164 189 
73 3 69 161 176 
74 1 105 
75 2 55 110 
76 2 139 148 
77 1 53 
78 4 16 73 84 126 
79 3 53 64 179 
80 4 12 25 96 113 
81 2 5 7 
82 4 3 41 47 194 
83 2 15 182 
84 4 16 80 131 192 
85 2 2 151 
86 4 5 88 90 164 
87 2 122 137 
88 1 65 
89 3 8 38 71 
90 2 63 185 
91 2 94 147 
92 2 43 133 
93 2 118 152 
94 1 184 
95 3 81 190 196 
96 2 110 125 
97 4 60 81 137 142 
98 3 21 103 108 
99 3 119 137 145
