377	369	279	409	167
337	112	498	90	433
416	204	234	438	88
139	475	288	397	455
421	163	404	68	139
345	254	23	77	283
129	122	20	100	69
7	235	243	161	272
308	139	490	384	369
108	99	344	180	41
164	228	421	116	427
298	157	131	210	389
111	59	91	414	108
345	254	240	257	121
177	341	477	93	316
63	277	443	445	347
457	100	169	145	339
127	61	54	444	55
487	7	49	296	495
258	389	159	31	339
118	168	43	137	437
310	476	280	27	177
316	343	322	391	291
242	52	386	192	469
487	360	352	313	169
3	87	147	281	116
440	305	348	54	358
325	438	351	119	96
423	236	120	40	36
58	174	278	165	351
292	124	410	122	106
7	29	139	323	382
165	361	444	75	481
236	313	208	63	153
112	148	382	326	109
451	32	129	352	112
281	269	281	45	332
132	146	474	332	266
361	481	431	348	457
155	83	403	356	444
493	77	199	43	152
271	327	280	49	189
198	32	82	463	32
231	142	278	500	356
338	384	437	360	377
234	240	479	399	303
38	227	43	454	272
402	309	5	267	280
346	314	250	192	149
396	491	141	149	66
412	29	26	228	430
127	85	407	148	218
232	364	128	411	61
366	319	199	211	203
336	190	190	379	18
41	117	128	450	420
39	198	40	249	106
206	217	239	277	120
216	30	457	21	349
106	249	294	160	408
141	335	499	145	21
223	170	133	31	198
395	133	492	410	226
410	108	111	354	99
229	371	103	500	143
358	296	425	117	365
466	379	413	297	328
217	122	298	432	108
477	307	20	195	136
106	326	326	158	220
464	156	155	376	135
465	18	350	182	207
242	390	209	373	29
476	497	407	422	158
327	2	55	307	455
185	416	419	384	402
138	369	251	483	379
446	442	302	299	93
245	212	192	118	410
301	221	339	455	390
30	183	50	245	130
450	176	67	316	381
109	198	133	9	395
187	235	420	95	244
327	272	216	427	87
35	77	97	495	428
488	409	328	145	380
193	312	89	33	482
454	215	352	485	373
290	308	459	25	268
45	239	446	367	281
373	38	447	114	234
234	151	380	245	148
55	307	27	42	271
354	181	184	305	59
264	463	175	461	347
246	68	120	17	107
419	264	133	126	129
266	373	305	326	75
175	301	391	326	43
188	69	55	267	353
214	95	369	229	151
47	233	155	282	417
207	274	485	184	236
159	103	454	194	76
471	285	43	113	340
236	184	410	438	412
81	271	394	404	130
17	305	17	374	279
346	155	93	178	326
308	419	357	17	329
224	383	226	295	230
50	468	367	231	259
455	477	326	131	185
299	181	242	224	13
320	491	445	325	349
134	74	120	489	175
360	490	333	435	463
177	384	186	131	41
26	68	406	266	479
254	278	221	344	162
314	147	95	183	352
489	238	91	96	371
428	410	324	5	111
186	139	315	388	439
102	175	133	182	482
32	71	174	437	432
290	251	65	186	145
354	166	149	276	305
56	265	56	468	185
13	25	248	428	49
87	9	248	90	478
53	184	451	146	123
155	187	5	355	227
134	343	417	326	226
51	163	142	422	373
42	137	20	380	441
430	255	255	47	400
241	51	380	304	382
500	397	97	282	440
196	68	168	185	179
493	70	126	460	48
155	178	372	146	439
262	269	154	95	239
214	493	271	369	491
220	22	267	109	153
479	195	234	269	154
106	332	42	12	177
111	489	312	487	211
156	310	346	256	309
460	500	468	221	482
28	456	78	320	158
25	398	219	342	6
123	317	375	303	479
436	227	266	296	336
246	118	213	415	347
298	52	213	169	81
287	43	409	352	40
398	490	392	72	89
57	420	154	37	483
374	156	429	273	43
197	365	354	339	311
306	362	417	76	164
481	360	84	228	406
496	213	122	309	202
75	273	193	154	498
152	346	463	12	349
103	158	288	167	217
473	216	139	4	59
200	145	332	138	327
279	356	237	300	218
317	60	146	413	360
146	390	181	160	412
150	93	352	105	231
164	228	433	457	54
75	371	99	8	257
317	192	116	462	256
200	352	402	392	341
434	471	404	149	158
489	204	36	425	384
423	133	212	428	426
305	130	172	256	224
223	316	16	161	136
341	256	46	496	442
390	476	320	260	213
21	195	454	352	165
365	81	350	162	295
188	454	141	273	329
131	171	104	480	17
148	78	345	167	177
93	392	156	402	373
144	427	243	301	329
83	141	350	159	457
102	171	181	262	87
465	1	269	92	413
174	475	190	235	43
226	206	310	68	311
237	198	403	235	74
41	212	63	142	25
426	334	480	492	456
210	213	27	459	92
251	246	86	367	84
137	411	330	165	196
95	154	472	233	415
129	46	248	489	24
460	227	495	466	329
118	436	460	124	112
387	54	370	357	485
355	105	235	27	424
261	260	149	223	495
129	127	398	363	216
151	65	444	323	489
262	250	323	483	25
77	96	496	428	304
415	244	245	497	95
169	223	30	72	382
22	149	329	268	18
39	226	281	79	176
476	263	380	39	319
164	173	326	52	439
195	103	234	394	323
98	218	447	331	100
350	396	435	213	296
461	26	429	276	87
255	362	335	367	486
172	153	262	248	288
21	245	381	30	209
56	156	100	168	57
346	287	274	366	131
465	126	275	226	224
61	442	103	482	350
415	386	112	89	340
77	427	339	333	218
85	333	210	142	383
299	355	277	31	399
311	163	490	405	201
188	445	78	214	319
274	85	299	164	110
201	323	309	465	263
194	476	318	443	344
40	178	362	400	426
9	311	55	350	305
259	288	111	135	47
166	312	18	430	349
390	289	198	22	365
297	49	442	170	337
401	305	84	118	210
444	249	249	173	241
466	350	98	257	444
304	48	144	427	29
442	110	118	421	82
167	65	221	242	368
499	217	431	234	108
274	205	51	321	23
441	225	85	55	75
262	455	197	213	373
135	385	465	40	264
258	197	123	470	365
68	229	222	350	228
471	264	424	307	373
391	365	409	359	104
275	159	395	236	81
299	123	49	392	222
454	12	104	123	413
128	120	438	279	202
270	460	109	66	145
3	171	454	128	152
350	219	426	170	359
422	193	291	54	61
205	17	106	415	325
231	482	387	143	160
256	43	419	257	341
107	165	362	76	317
465	350	112	109	426
111	308	56	469	13
461	290	397	163	147
17	424	280	493	236
44	342	37	411	142
41	48	150	87	183
480	187	120	164	406
390	292	266	2	51
351	418	305	16	211
107	471	462	232	233
469	2	3	165	128
100	171	58	1	450
465	427	349	356	455
274	107	470	254	35
126	4	109	60	165
268	354	394	324	158
495	83	310	256	498
433	260	392	209	231
166	151	49	468	58
236	36	398	280	252
119	12	107	238	131
358	252	325	248	418
105	322	233	19	83
19	292	437	372	482
478	62	302	363	61
63	407	449	57	199
468	40	201	285	225
498	427	4	56	43
431	296	374	461	320
386	388	116	95	489
70	355	391	270	399
276	41	119	191	155
178	433	173	114	417
161	283	148	457	3
461	329	99	239	268
271	11	340	347	311
310	137	86	115	166
51	383	204	256	410
308	179	467	18	214
377	468	474	362	389
495	12	191	350	157
491	74	307	81	127
461	175	436	411	33
61	19	358	37	477
213	381	264	166	166
474	418	38	296	88
137	84	306	63	278
282	378	24	18	450
358	252	222	298	400
7	182	253	297	110
356	446	32	18	214
238	211	228	144	419
315	208	130	393	492
83	426	286	156	95
93	442	276	214	174
354	116	286	294	452
114	292	261	257	337
33	62	228	50	406
87	161	56	330	379
38	145	360	491	398
130	32	165	93	444
311	452	406	79	182
420	451	416	279	13
10	262	162	490	99
303	12	120	269	484
325	230	158	349	150
42	227	258	438	218
153	484	471	264	11
110	224	376	464	177
168	244	272	427	101
30	497	164	162	78
414	132	329	294	91
327	372	286	174	496
33	406	192	428	56
291	186	191	312	452
384	309	431	54	367
395	254	163	244	470
431	236	486	25	129
147	61	165	444	174
411	474	390	190	424
465	376	158	146	385
483	95	459	17	76
121	499	62	256	486
420	385	57	252	435
485	249	75	467	326
182	430	99	154	65
170	93	484	329	339
498	45	286	16	251
50	155	436	223	323
31	50	119	115	243
140	199	169	74	1
445	410	416	101	310
230	69	105	446	234
378	289	184	32	6
170	189	326	177	396
405	79	125	100	169
76	331	367	209	424
67	76	206	223	85
197	60	261	163	484
196	445	324	367	83
317	406	261	228	289
363	331	410	399	434
226	60	27	151	43
215	135	332	317	325
236	441	351	241	90
34	434	214	118	83
258	7	64	107	288
453	296	308	37	453
404	247	190	337	319
461	142	92	285	341
356	26	344	418	388
495	241	299	188	253
84	42	101	187	344
1	83	16	391	322
168	48	373	352	495
160	470	14	317	488
43	231	370	122	77
112	266	221	242	435
207	217	126	349	476
188	231	187	467	100
143	266	177	216	95
34	392	198	5	45
74	70	173	308	177
392	65	500	22	106
155	491	406	84	222
234	360	79	411	228
190	34	471	477	351
472	251	343	405	84
320	115	47	64	79
368	28	227	316	127
31	477	186	171	139
88	215	466	262	126
232	463	433	132	73
253	379	83	200	263
293	167	126	62	459
404	168	88	299	466
127	26	55	103	265
279	280	63	184	189
139	145	481	157	129
138	289	493	347	244
109	236	237	456	150
166	135	309	280	256
116	353	320	445	196
54	354	48	118	281
213	420	448	143	7
408	141	265	134	96
441	407	36	388	102
60	119	495	104	347
147	386	381	96	77
41	64	269	18	314
299	219	362	94	29
133	205	298	170	105
230	302	161	29	132
303	347	200	14	103
445	87	315	241	385
380	296	161	373	427
287	36	25	47	39
358	15	31	297	106
124	169	422	84	390
108	467	197	439	11
36	46	409	322	464
458	113	186	260	267
431	332	459	92	459
289	364	37	65	490
392	119	89	253	465
368	381	419	242	17
238	437	360	451	385
44	272	364	332	95
425	336	366	103	79
88	92	330	209	374
204	51	285	195	82
195	415	389	188	256
353	184	328	289	185
341	223	156	85	318
131	471	219	358	384
114	483	302	100	100
130	16	170	155	349
405	248	113	458	163
28	425	197	498	421
293	26	197	313	400
145	35	463	79	408
26	154	480	417	227
214	401	186	62	195
15	214	456	358	417
119	491	53	121	263
388	378	106	36	407
155	437	258	214	357
215	159	192	421	29
280	256	213	352	172
140	77	315	132	496
165	178	332	315	324
161	163	16	320	204
424	226	318	16	55
98	394	5	185	399
107	262	309	140	297
295	159	365	105	303
264	7	38	116	166
285	300	361	10	307
188	340	246	29	195
21	234	485	296	176
384	92	21	216	57
287	36	233	472	483
354	123	215	225	253
13	218	148	180	245
56	308	478	267	319
191	180	325	440	50
10	410	410	404	139
111	447	188	107	80
21	413	415	498	49
402	55	177	320	437
261	366	494	154	58
95	270	230	349	84
138	410	150	276	302
307	95	106	271	90
156	412	380	495	458
209	464	209	285	248
357	128	175	191	253
6	498	352	420	382
445	445	490	293	21
307	56	372	137	482
152	358	351	113	435
401	36	428	316	47
243	19	143	434	480
208	231	206	138	5
360	337	445	12	109
475	132	249	118	272
33	293	184	118	308
364	481	400	356	110
107	382	177	433	54
310	407	135	409	232
153	481	441	433	61
65	180	261	96	84
431	294	332	475	460
170	108	324	370	241
95	121	412	342	270
301	362	86	41	476
327	446	360	179	67
294	477	125	226	449
400	304	264	166	216
362	249	200	96	476
391	222	433	367	430
378	94	385	127	382
333	384	132	356	417
96	327	308	294	213
377	78	147	341	25
100	360	154	248	297
33	432	287	219	478
367	377	206	155	66
229	264	258	24	224
130	76	160	337	359
400	487	167	334	263
55	450	197	450	481
185	123	367	298	22
373	302	468	295	133
464	372	180	404	379
425	110	446	97	435
499	280	188	115	103
283	337	212	66	55
285	379	221	311	53
106	454	136	303	194
440	338	104	52	369
232	420	438	125	370
19	256	492	453	20
340	233	211	461	348
181	278	389	374	170
56	308	164	176	68
62	103	188	304	102
369	202	89	18	248
191	429	318	429	164
134	347	393	431	19
70	333	415	155	325
117	268	53	37	308
234	265	130	479	402
9	384	101	315	29
179	434	250	191	83
494	34	373	304	462
323	199	163	32	257
118	41	108	309	389
246	211	404	91	81
437	68	330	192	215
428	142	300	41	489
126	381	476	372	255
337	85	122	407	250
473	27	317	152	302
320	56	237	233	483
421	292	402	460	495
169	352	370	344	324
407	323	446	63	324
89	216	313	1	310
61	216	306	281	218
328	35	63	38	396
392	139	274	428	413
188	162	61	445	291
266	302	136	331	420
458	64	203	97	147
53	60	213	6	116
371	56	328	392	304
417	4	203	487	254
233	498	99	336	204
416	408	311	228	346
175	357	81	184	410
448	25	327	286	453
496	402	15	226	268
438	385	404	430	177
322	362	481	207	73
380	490	476	494	290
428	237	139	480	483
492	179	311	162	29
58	330	389	493	391
193	298	144	340	91
66	355	148	130	83
279	387	435	128	275
299	387	143	139	82
8	441	449	439	408
448	157	276	116	354
319	150	13	68	245
491	65	380	410	288
228	285	180	176	362
315	293	82	319	140
66	159	1	433	34
462	177	436	352	237
477	12	373	337	185
493	109	217	37	200
484	272	89	459	313
195	270	418	45	498
451	139	382	272	132
141	242	240	213	236
15	479	194	381	362
147	319	308	139	459
30	428	139	483	363
351	470	355	344	87
377	148	394	478	257
415	380	319	109	355
170	197	387	136	87
92	288	1	171	139
241	116	109	425	464
205	36	326	244	364
164	416	50	207	186
497	315	85	192	322
290	308	385	276	470
401	240	126	148	465
468	243	450	361	241
320	138	417	378	174
280	150	249	299	431
107	32	257	63	90
270	281	464	320	377
411	111	405	328	188
372	59	204	496	92
226	155	270	13	493
144	148	69	116	258
124	5	402	158	378
237	135	271	252	222
389	245	443	248	7
201	26	205	322	414
55	358	318	198	346
226	35	498	124	54
122	421	495	419	39
237	289	231	327	307
233	433	57	232	406
452	450	83	399	155
377	366	84	254	445
36	136	447	204	138
123	91	69	346	284
212	473	1	112	27
350	182	269	489	311
58	484	305	358	188
338	469	198	189	105
80	185	480	150	64
378	464	69	220	398
47	180	255	35	412
42	390	250	45	76
156	53	4	21	58
148	179	31	331	474
78	53	456	328	53
213	266	491	203	399
140	121	425	145	289
340	497	256	271	250
442	196	455	58	396
54	163	338	430	369
435	162	129	100	366
82	249	303	269	111
271	263	144	60	317
393	50	216	158	490
210	485	228	422	337
486	357	44	7	217
323	81	72	358	315
451	114	317	301	317
354	63	364	399	118
172	382	383	51	242
466	276	37	135	335
168	331	479	344	337
356	188	433	298	173
76	345	105	324	467
25	441	104	20	215
119	139	1	377	62
409	233	273	475	180
36	250	433	424	220
165	301	243	402	407
11	401	130	85	106
426	483	13	292	435
265	364	195	43	461
95	201	114	285	141
192	117	307	203	245
116	243	63	487	465
181	17	105	153	447
206	36	339	246	100
99	441	413	304	430
230	194	239	385	177
20	123	110	460	439
54	321	198	500	76
429	238	175	330	263
27	47	272	383	195
386	207	313	86	196
279	330	394	486	230
54	261	357	70	74
399	43	487	353	148
153	192	479	75	54
265	360	32	395	3
468	404	215	329	137
158	282	246	341	37
118	179	282	427	273
217	414	420	268	106
326	26	475	481	369
102	473	145	21	435
268	428	229	298	409
405	23	182	409	449
500	390	425	158	227
161	446	159	420	101
208	298	291	146	453
20	208	308	43	23
107	402	480	244	38
484	368	149	18	417
184	288	8	346	93
253	164	257	39	141
443	13	36	482	213
240	495	64	307	379
389	240	149	310	320
444	246	453	171	94
177	124	59	346	355
443	90	113	415	359
418	204	199	286	107
353	345	429	453	72
233	454	72	414	156
182	14	263	407	452
274	378	203	18	60
346	206	366	483	454
500	147	301	9	240
41	478	429	479	161
197	322	123	362	237
334	488	12	340	113
174	10	255	477	360
260	168	196	461	145
239	43	194	496	170
444	371	66	78	457
297	291	80	86	481
85	446	62	81	116
258	8	337	311	394
261	453	321	380	368
141	403	233	145	378
23	204	49	71	60
379	200	96	237	361
399	237	190	467	252
49	337	323	216	417
138	201	450	477	272
52	304	355	163	434
191	72	241	380	19
115	283	314	117	56
242	492	82	292	319
158	430	487	221	144
366	305	320	254	482
108	310	487	453	449
324	335	112	250	365
213	279	400	232	25
22	158	349	103	149
434	414	390	226	228
230	49	181	92	439
125	492	302	296	329
97	292	3	41	422
120	424	461	214	421
468	292	114	114	283
169	346	220	454	393
58	357	39	200	334
66	154	150	34	47
396	97	464	84	321
435	132	350	54	116
88	320	50	352	391
357	15	161	182	221
496	6	213	125	357
316	213	53	121	228
405	313	21	435	193
427	203	126	191	276
181	485	39	19	354
59	215	415	42	78
288	66	229	413	133
243	351	203	446	202
485	293	85	162	35
60	404	87	336	460
401	366	163	26	127
190	162	158	112	192
155	278	443	193	466
28	300	164	407	375
289	57	220	235	402
108	472	51	165	65
498	53	464	420	92
373	123	234	345	25
300	473	70	405	361
113	99	445	114	317
306	44	332	214	182
327	157	126	128	408
150	363	2	338	376
107	1	282	451	410
410	381	168	38	186
334	209	450	68	258
184	355	314	315	498
146	313	486	100	105
467	103	305	179	148
10	434	424	429	65
160	147	399	428	300
489	387	29	455	133
237	484	96	192	358
291	129	444	469	420
318	196	135	18	310
367	308	26	19	247
235	270	170	296	416
164	163	163	76	436
164	11	14	254	448
256	2	43	118	132
250	178	309	169	230
449	211	316	217	122
481	373	334	441	316
219	370	49	199	407
471	441	238	52	55
175	300	95	209	335
261	481	490	292	43
69	45	36	294	110
204	57	483	116	135
12	380	493	31	242
394	168	324	397	5
287	4	238	119	169
25	183	223	210	251
33	239	464	313	464
455	434	283	245	359
245	145	491	88	394
276	219	351	17	225
134	439	325	314	107
259	186	274	221	7
449	382	180	305	483
233	242	279	430	123
81	450	250	84	445
251	489	84	282	402
169	97	477	266	152
164	35	98	272	344
203	241	279	208	312
428	286	28	382	267
364	316	188	431	356
287	477	463	219	114
87	464	244	491	462
452	416	433	290	358
224	41	210	161	306
112	177	442	135	321
55	30	361	63	84
194	282	474	305	5
417	137	252	111	296
7	418	123	407	217
454	349	66	225	315
396	133	153	203	180
92	425	390	220	246
130	456	379	227	70
372	330	220	179	249
456	157	153	217	117
191	215	315	210	175
341	441	132	181	7
458	332	128	496	460
66	268	222	419	280
242	163	149	421	463
383	380	482	383	446
396	249	210	182	266
228	357	334	121	186
316	138	335	355	195
71	408	362	270	192
258	368	10	251	99
70	67	306	365	398
423	342	377	250	402
461	407	446	277	64
430	114	119	117	364
237	227	75	431	70
45	292	204	133	213
110	266	407	195	62
464	211	316	177	43
166	123	92	465	72
382	42	313	463	178
487	388	375	21	140
323	4	299	72	41
127	467	404	341	107
21	431	149	104	205
27	138	270	305	361
379	107	453	358	276
358	391	275	51	471
478	217	22	385	381
78	212	164	85	176
46	421	365	150	200
258	61	257	266	396
224	148	468	412	319
285	65	218	211	379
80	482	231	79	328
310	218	198	362	165
374	239	134	271	231
92	210	200	154	417
449	393	439	14	209
64	10	52	410	342
319	35	306	216	397
201	461	225	47	267
285	309	304	119	247
366	494	417	411	219
25	71	335	91	38
424	451	127	315	121
257	193	377	445	456
74	276	422	460	57
56	78	392	199	180
99	325	97	456	479
26	153	234	191	202
328	413	38	466	277
296	209	495	104	91
57	80	484	432	108
482	339	46	477	212
147	421	179	452	5
137	92	251	323	431
329	455	97	11	123
326	288	414	166	181
155	269	425	398	269
394	448	338	64	8
59	70	61	88	31
68	342	414	55	221
336	97	47	46	143
125	190	400	222	221
355	358	80	465	119
171	117	291	257	311
364	100	301	194	334
168	73	368	206	33
320	377	153	108	167
9	354	150	457	321
221	218	433	254	144
436	145	436	426	188
178	36	110	43	12
245	392	416	230	127
30	454	146	118	321
485	225	157	195	271
420	141	384	344	170
360	50	327	133	285
66	343	416	191	204
5	141	70	406	57
60	113	341	391	175
109	34	452	149	451
129	313	498	448	269
356	357	55	172	116
393	482	476	70	435
188	186	475	250	218
20	254	108	263	277
154	464	413	309	273
368	233	51	19	204
217	394	483	491	134
100	109	302	185	155
209	298	395	305	454
222	93	247	195	92
96	174	192	212	74
35	134	432	24	404
397	469	3	141	153
23	424	498	377	262
88	208	364	263	139
344	408	31	367	60
117	50	77	195	174
141	415	412	383	161
161	14	417	196	399
218	81	170	443	331
283	296	64	186	262
194	369	129	299	414
126	97	89	480	446
452	139	379	437	327
91	93	98	85	120
392	363	266	404	50
457	447	55	460	444
200	19	464	15	222
430	5	36	206	488
327	389	126	492	357
162	401	139	194	457
364	59	176	40	260
300	151	114	197	472
216	110	418	6	179
285	284	388	287	322
484	102	1	484	229
71	450	301	495	15
260	366	282	220	138
209	371	455	443	54
339	381	86	283	452
457	328	457	463	415
306	41	192	238	287
432	74	381	173	169
409	475	150	93	447
278	124	85	133	354
214	253	307	216	369
159	430	456	358	26
65	454	13	213	114
365	460	285	260	38
190	248	330	401	418
484	22	283	246	391
240	115	473	398	139
424	220	29	226	427
21	267	418	59	57
79	152	322	158	363
98	494	459	388	157
394	353	254	475	383
443	493	44	301	86
19	455	228	23	363
97	92	349	495	22
218	383	462	85	393
495	136	107	66	227
491	107	54	203	426
335	396	210	474	398
250	124	113	131	240
298	123	373	418	181
498	432	399	431	462
467	162	191	117	238
277	87	365	244	261
100	245	23	385	473
82	476	7	281	218
242	424	229	458	9
362	20	243	158	385
446	94	472	170	182
379	447	107	130	363
497	21	195	349	408
365	438	405	153	447
344	25	22	47	189
57	183	142	313	243
136	478	49	157	429
177	285	51	283	302
124	443	101	241	342
229	29	120	212	452
433	269	7	60	256
242	229	168	275	144
200	370	215	216	227
287	331	252	461	303
399	73	281	241	280
41	440	443	334	6
189	422	283	279	385
143	148	297	228	213
319	125	160	345	488
37	321	202	244	343
165	152	290	37	19
1	260	22	387	202
330	493	321	442	204
304	436	219	284	217
95	133	351	370	195
206	3	166	428	313
385	314	127	411	398
341	232	435	40	239
6	326	455	463	231
428	452	13	226	395
487	279	464	104	16
131	260	382	488	304
319	475	97	274	141
248	280	57	421	413
202	422	8	275	389
245	458	388	100	9
306	434	7	225	29
133	263	63	216	357
449	316	10	40	21
427	26	438	190	269
301	179	498	167	428
384	25	190	388	256
270	437	112	44	343
409	196	283	402	374
170	288	329	227	500
20	104	75	24	147
245	58	352	423	25
29	283	386	352	301
125	196	1	224	408
258	165	226	99	489
63	332	26	168	482
363	80	29	327	324
365	87	31	227	11
144	429	184	422	384
62	258	43	308	73
178	26	335	432	256
215	136	29	457	94
300	54	182	260	129
103	436	375	333	188
282	11	98	260	58
460	2	269	11	113
52	384	482	485	32
299	57	308	407	131
373	279	490	129	451
437	227	57	476	284
311	183	57	315	174
411	374	50	425	242
39	276	375	4	6
303	244	216	298	388
299	91	335	204	233
253	370	216	225	330
265	463	146	244	53
392	35	190	403	47
27	467	375	422	429
345	4	278	224	298
108	179	70	136	151
408	458	418	6	433
389	276	480	289	54
51	173	230	313	472
329	324	402	406	414
157	133	494	53	356
359	479	130	162	486
98	256	106	421	447
472	411	177	201	174
29	69	266	434	389
449	179	439	357	122
379	424	67	229	250
95	166	6	269	175
70	168	185	195	369
9	330	248	198	88
483	375	2	339	333
414	310	122	221	267
434	413	14	218	188
434	90	158	213	371
199	238	86	59	194
122	481	436	478	460
37	29	280	270	124
382	294	402	152	447
492	211	495	462	426
347	380	264	154	297
293	46	7	289	178
430	113	455	179	354
314	56	159	93	77
413	288	396	240	73
284	399	2	43	212
304	123	500	290	146
20	26	53	105	97
54	50	491	442	26
193	278	143	242	95
356	378	32	402	444
133	162	307	293	370
464	407	349	160	273
363	200	430	75	110
154	233	218	432	132
457	163	338	78	34
134	433	239	342	432
252	189	319	427	26
171	27	344	430	479
376	167	1	42	65
351	323	179	16	469
443	276	293	205	500
223	468	326	6	183
68	84	431	228	26
17	309	379	165	82
330	420	287	293	259
265	438	120	402	331
15	477	378	278	129
374	59	322	158	160
239	111	109	262	495
358	437	220	60	260
352	159	78	311	176
392	420	350	110	43
77	404	354	228	298
164	379	8	13	78
230	271	118	347	61
293	162	476	400	87
440	446	172	240	457
150	447	128	244	228
255	437	79	75	408
8	381	215	500	484
373	151	462	280	442
52	404	173	190	299
441	291	347	477	148
149	170	212	122	32
9	24	211	210	67
17	404	107	154	476
446	254	343	466	130
309	435	463	233	267
163	388	90	209	107
482	91	209	57	181
238	402	367	151	402
128	105	326	386	371
16	230	143	311	82
298	28	3	8	494
263	162	267	450	211
448	229	382	247	479
6	170	64	367	349
453	253	450	293	119
186	259	104	186	345
53	481	467	52	182
278	320	362	28	457
256	324	17	301	253
399	7	207	252	314
479	238	173	473	321
147	479	295	110	50
243	388	82	434	231
370	323	115	292	468
61	500	486	399	469
105	188	150	390	214
423	135	135	484	482
33	113	225	198	244
17	150	249	59	1
25	147	194	395	180
119	433	120	121	239
257	32	326	249	48
34	303	436	487	105
249	335	476	246	419
11	372	38	205	105
254	183	331	421	192
324	315	448	263	78
360	327	164	259	399
89	338	192	267	87
118	454	365	260	423
245	89	158	3	48
344	246	457	293	271
146	456	321	245	486
57	327	168	105	31
47	460	25	131	498
384	280	79	433	459
59	66	493	290	318
173	401	295	356	241
352	228	135	351	340
138	442	309	229	21
150	182	275	425	134
445	371	166	177	220
452	199	52	204	115
320	330	311	347	242
289	4	155	333	180
168	13	374	297	240
105	59	214	200	358
185	456	405	232	415
431	35	321	129	175
239	294	118	5	229
500	74	446	114	201
145	87	324	68	446
74	77	177	198	111
125	127	263	34	108
466	37	472	353	7
83	214	267	117	256
403	408	19	90	476
4	440	126	232	431
166	91	237	485	229
24	21	146	309	349
25	233	274	162	484
308	439	155	383	112
297	464	326	478	239
231	136	366	371	299
273	38	88	387	262
130	477	329	327	249
122	63	491	127	401
86	261	236	319	127
227	148	64	401	376
418	215	448	425	222
118	407	237	235	298
351	171	492	5	255
393	430	120	88	241
201	212	4	410	438
117	20	441	23	206
102	293	330	26	232
371	168	209	388	371
60	149	241	12	220
296	307	297	303	476
429	422	185	264	49
43	21	350	73	172
297	183	184	337	173
391	492	110	124	328
134	276	297	407	418
260	477	167	204	235
489	469	450	72	20
323	454	245	192	261
219	375	291	144	66
250	77	368	482	376
280	494	480	166	244
224	428	199	334	448
260	439	371	197	140
55	329	120	118	221
227	315	214	385	426
460	77	136	155	419
101	311	112	417	268
467	285	476	300	251
33	200	364	51	127
384	473	426	67	401
433	72	47	9	302
153	162	391	128	456
255	361	12	174	251
232	8	170	241	159
167	187	294	466	270
242	243	418	153	492
194	310	60	430	463
201	471	455	20	171
52	125	72	103	374
244	299	445	90	126
427	224	381	358	296
272	448	293	325	290
359	154	144	304	389
204	256	430	15	273
435	47	134	325	230
425	322	323	120	378
384	93	344	120	73
82	477	62	473	481
80	56	35	402	278
315	63	156	472	301
212	385	233	486	148
62	95	91	43	354
163	235	219	215	440
396	70	463	242	215
267	303	411	130	16
261	7	261	319	406
324	104	25	474	301
349	142	214	155	406
494	442	448	6	305
234	303	18	219	143
116	97	430	449	262
202	9	71	403	463
217	92	499	455	241
30	23	238	416	263
183	370	418	28	185
371	336	292	241	207
170	475	349	223	294
386	163	314	251	337
288	285	434	178	385
459	276	68	383	13
416	186	304	176	256
63	13	379	330	439
492	191	311	464	260
248	162	251	170	6
432	265	198	385	341
56	174	375	396	150
474	469	174	71	131
486	240	365	94	487
215	354	269	165	117
229	86	301	399	282
90	255	402	231	127
403	462	233	329	370
62	308	99	271	194
339	306	438	374	27
46	326	271	30	461
448	433	362	359	348
186	306	228	370	143
223	452	196	288	30
60	140	177	285	252
75	48	383	82	143
82	392	211	148	164
146	68	134	250	252
489	11	314	455	270
499	456	139	64	291
370	65	361	209	12
325	484	287	396	178
358	429	168	342	490
279	206	386	109	305
52	460	435	44	414
451	376	55	28	7
494	170	79	36	417
255	49	166	330	379
269	229	285	491	423
398	255	388	163	469
248	32	263	55	214
470	377	354	154	302
405	425	389	289	65
398	290	357	236	456
98	349	430	264	350
275	439	384	300	487
254	153	138	228	55
230	215	73	362	97
446	347	126	41	342
278	183	455	425	422
430	228	478	150	239
175	453	498	157	477
111	120	469	138	182
428	375	470	93	181
173	209	64	218	164
181	356	358	151	294
276	310	121	41	429
321	259	425	276	494
382	210	355	360	103
123	289	156	83	441
161	492	60	120	39
370	500	242	246	194
324	66	104	463	275
108	280	426	354	15
178	396	451	291	244
215	144	205	489	423
212	134	493	242	232
81	379	248	253	257
103	436	77	264	67
325	398	206	74	219
478	336	372	356	171
228	189	337	325	166
37	374	133	494	500
264	138	355	480	152
367	292	197	468	334
64	345	349	13	395
203	347	199	118	245
216	39	42	495	301
141	321	453	326	69
231	355	173	14	278
113	225	331	113	133
171	56	93	194	241
438	12	455	197	490
384	188	194	110	388
157	113	364	244	182
361	377	463	139	303
15	175	420	449	370
445	480	364	330	181
275	351	328	384	404
152	42	500	485	429
485	403	61	192	316
492	68	182	98	302
216	417	217	8	21
145	294	193	351	174
278	364	450	212	157
496	490	266	151	328
22	304	36	418	131
86	428	368	410	75
380	429	155	91	414
229	42	430	64	405
318	253	174	236	132
53	31	492	275	466
326	292	453	256	66
144	290	262	436	18
347	405	317	175	44
259	325	239	251	38
74	337	298	67	373
11	161	127	342	118
409	487	4	28	441
471	355	254	394	42
175	138	121	318	230
173	462	147	442	91
225	74	191	444	357
486	20	247	445	161
488	339	34	496	262
149	254	83	322	31
81	285	97	294	212
104	394	83	390	424
9	348	360	486	232
335	144	413	202	357
149	317	421	342	181
211	336	336	465	28
180	174	458	283	314
463	282	280	426	58
345	23	365	108	252
133	428	14	412	282
154	40	94	37	441
410	380	309	361	131
227	342	220	479	28
196	3	418	120	313
79	18	436	239	269
499	331	487	278	389
10	157	437	152	117
200	157	156	400	160
218	343	325	402	417
71	316	242	273	151
500	355	339	81	107
7	28	311	253	272
196	470	148	383	427
427	474	419	293	416
245	401	429	482	274
454	34	426	376	223
106	43	253	173	268
245	375	324	89	89
77	18	273	347	60
333	54	449	483	312
3	128	443	36	307
65	245	482	411	378
275	172	66	78	112
133	463	331	59	137
274	488	280	82	220
208	51	500	362	479
425	256	306	249	414
292	261	312	222	434
64	408	398	366	358
57	453	92	218	120
21	240	382	234	261
133	446	306	357	36
473	70	441	227	171
290	353	116	206	307
17	96	271	320	139
177	305	190	370	13
439	421	288	24	446
187	454	460	437	128
109	252	339	337	475
458	351	381	1	306
152	204	281	289	394
495	374	362	292	277
23	184	173	149	369
445	254	271	226	272
296	315	440	80	19
303	117	174	98	208
56	346	462	447	17
419	232	410	8	372
293	283	438	410	343
201	294	207	201	456
14	319	266	243	93
231	421	347	139	340
341	427	346	81	341
412	325	246	200	356
123	272	335	376	164
281	369	396	170	7
368	77	112	238	274
471	463	2	477	14
52	389	240	404	33
96	6	341	369	95
212	420	94	482	142
75	37	464	391	261
164	465	399	276	52
460	244	29	419	200
239	58	307	215	371
164	33	253	133	103
360	484	137	57	242
420	114	95	75	283
417	136	131	448	423
37	100	10	383	342
192	454	396	171	160
341	129	134	276	498
279	56	193	454	182
160	370	166	168	118
475	239	233	6	95
425	39	258	188	319
299	102	197	336	83
7	54	11	482	37
284	406	233	438	252
347	373	445	498	16
416	497	98	341	95
326	86	360	162	315
347	493	156	109	25
410	199	111	486	459
204	320	80	213	215
413	260	465	440	380
331	482	496	378	19
47	193	135	149	102
482	307	386	271	161
335	176	228	144	242
478	453	244	3	414
150	373	485	419	233
436	392	376	345	141
482	376	430	493	439
301	373	83	142	320
246	321	454	481	347
142	258	204	264	217
114	114	426	207	440
124	281	268	105	294
141	110	325	156	493
324	206	271	27	83
242	61	332	292	161
499	50	415	105	120
237	238	353	203	265
94	480	466	166	50
52	293	184	103	251
106	149	238	81	276
405	399	322	480	441
195	172	395	362	362
383	390	161	222	173
116	147	25	288	189
482	472	58	391	160
297	21	35	116	189
485	199	410	429	118
241	180	488	243	465
216	107	71	184	154
332	347	411	321	384
40	413	407	360	254
226	149	89	308	285
160	496	443	406	113
37	335	432	307	270
335	53	286	398	89
204	253	146	53	267
218	106	52	135	57
416	9	151	380	65
27	289	367	343	155
420	165	492	267	95
84	309	174	228	66
408	174	78	27	478
207	16	1	432	447
355	178	270	422	245
485	407	200	160	51
344	225	391	227	303
393	457	163	308	2
110	64	262	172	445
288	409	264	336	106
464	255	377	483	96
455	6	247	411	357
363	248	324	42	475
254	315	405	192	370
367	457	273	443	35
254	79	233	232	373
401	231	416	108	264
8	485	451	351	180
333	238	305	161	321
361	59	485	141	249
318	23	452	272	290
228	154	213	462	190
27	114	31	167	18
24	196	175	276	142
6	192	208	109	298
209	151	154	146	77
310	47	173	406	362
400	447	291	308	19
414	369	245	150	147
100	141	156	210	343
495	55	439	462	227
194	412	497	392	214
52	401	386	11	41
411	455	277	215	407
222	292	188	373	304
311	282	167	350	240
497	324	185	190	389
119	190	197	470	263
322	317	94	96	201
466	17	48	417	130
150	462	180	192	362
405	102	283	73	117
89	471	401	463	175
297	484	443	355	56
24	355	151	54	218
119	150	15	166	284
192	468	90	230	336
81	128	450	278	403
318	54	48	350	83
14	437	243	391	470
101	240	32	490	139
87	311	146	129	143
34	197	92	74	203
236	241	441	470	185
130	459	147	89	222
237	472	165	13	343
70	240	240	170	4
237	166	202	113	477
301	394	129	494	284
341	462	139	294	245
78	375	407	74	217
166	463	110	444	464
497	157	421	398	316
89	252	67	470	32
59	203	116	496	63
393	202	185	382	24
107	58	296	351	301
78	185	415	150	271
280	375	399	186	144
452	437	494	294	189
427	244	220	439	48
61	482	251	253	246
121	278	186	85	466
404	342	199	278	221
237	387	205	280	412
177	29	9	144	305
198	55	219	56	288
500	182	476	343	316
300	135	480	104	223
430	293	471	356	34
324	179	423	164	264
295	448	351	297	291
432	23	438	301	166
180	164	488	77	432
498	187	175	6	398
97	232	395	487	311
23	467	384	56	356
400	1	294	371	3
121	208	203	42	467
88	82	12	109	154
404	337	343	247	27
165	269	357	352	150
464	51	200	24	338
228	147	217	19	35
65	210	441	122	248
79	198	228	52	178
491	309	474	36	125
137	261	361	358	293
46	102	86	50	284
346	217	469	91	432
222	6	272	59	355
194	12	125	226	209
267	196	164	500	417
245	196	329	271	219
93	105	239	81	11
88	397	260	77	121
411	119	370	42	289
9	465	19	327	26
235	468	473	71	427
428	138	401	106	224
225	485	174	132	350
16	453	289	457	277
364	350	176	374	37
281	300	114	233	160
142	420	82	395	254
171	180	179	309	403
483	25	478	26	138
8	80	163	309	106
33	40	17	9	287
325	393	472	311	114
296	152	465	306	410
24	363	428	250	446
250	136	172	447	283
409	13	241	272	221
164	327	208	446	361
411	113	378	7	51
54	217	281	375	48
491	130	49	112	125
94	156	56	45	81
451	15	455	175	60
238	377	85	458	337
105	366	259	309	149
277	182	103	116	40
179	19	281	238	228
135	42	75	153	255
88	186	168	401	279
387	289	308	120	112
59	286	441	286	334
150	213	439	191	177
315	469	393	346	395
75	413	425	177	94
500	281	360	473	330
433	33	163	32	308
25	154	487	374	397
258	75	216	395	476
254	237	232	81	428
322	8	406	118	26
64	362	92	123	356
270	261	485	135	482
213	92	393	458	50
338	389	396	44	193
385	486	205	293	148
67	414	61	469	469
381	100	203	264	318
410	454	7	484	134
74	99	497	495	253
472	200	313	218	423
57	1	75	8	191
237	193	312	125	466
104	427	426	116	196
191	234	446	379	61
263	86	297	216	141
16	275	92	322	52
481	273	174	300	186
105	205	443	13	350
451	135	220	187	378
435	194	428	265	126
116	292	235	102	281
13	89	403	26	393
361	162	140	257	251
389	213	60	99	371
240	95	335	18	401
100	278	213	273	12
247	153	146	105	493
46	339	197	440	133
123	415	56	134	409
128	452	117	185	44
296	50	178	337	490
52	43	379	128	481
447	280	122	299	66
271	178	163	430	329
159	405	160	195	293
469	247	140	134	487
402	208	5	174	206
318	195	169	330	347
50	125	482	191	406
395	395	438	192	344
433	435	334	413	424
156	400	281	459	220
308	360	358	438	243
41	211	117	162	322
124	268	341	440	270
91	346	370	3	180
128	105	287	420	256
387	341	59	397	35
328	53	337	428	499
319	365	394	135	455
350	180	72	166	81
189	320	438	432	96
137	142	272	218	185
414	82	477	183	338
469	350	289	254	345
150	223	25	7	217
311	241	85	120	469
106	3	498	184	341
207	373	8	80	292
134	455	471	264	258
19	273	431	191	247
421	95	396	129	217
163	179	192	176	338
356	292	355	478	203
195	344	221	179	171
41	401	47	491	285
133	436	255	438	129
114	462	431	462	447
30	61	389	395	462
127	118	445	83	140
330	146	135	362	56
219	306	425	31	451
440	217	430	332	231
201	307	140	133	23
290	327	462	32	420
201	431	476	499	259
280	290	75	177	184
500	51	187	276	61
170	245	472	468	192
269	251	92	298	406
197	83	379	424	187
41	336	473	237	56
313	283	430	293	439
96	16	337	77	225
92	162	438	279	414
29	404	359	447	458
16	487	28	127	373
248	229	466	391	249
313	313	130	237	346
217	470	366	77	114
30	461	283	213	144
5	389	481	484	417
330	135	154	86	247
485	315	187	195	214
398	304	18	363	459
253	500	454	289	92
496	28	302	406	472
362	349	66	387	421
116	72	325	18	395
46	69	499	167	163
423	176	327	235	348
315	74	87	115	393
312	314	277	258	57
326	222	151	64	375
254	479	157	175	313
456	306	381	89	424
82	291	119	351	9
182	402	294	171	180
306	58	184	365	207
230	379	252	348	184
185	56	98	103	144
12	360	20	463	348
267	170	438	448	11
412	484	324	460	323
462	105	103	75	300
57	141	77	268	395
195	86	48	91	241
278	387	69	355	260
94	37	334	109	442
61	29	185	82	299
53	315	222	150	444
339	270	342	47	5
495	40	353	280	349
240	340	337	482	439
27	235	465	155	397
415	70	145	362	447
232	16	424	174	226
226	177	222	405	226
315	221	443	337	322
398	420	19	461	450
495	190	205	61	33
282	294	94	456	216
196	276	191	480	11
17	85	12	239	294
495	298	54	324	113
54	42	268	456	455
182	209	45	322	414
123	211	162	446	27
267	260	345	151	355
335	187	193	457	233
115	259	222	109	266
281	143	285	354	323
262	288	374	460	46
267	204	494	84	113
499	148	96	104	430
363	190	200	287	164
281	216	113	378	345
161	241	103	244	244
273	376	67	184	31
43	231	28	258	274
393	122	455	31	485
33	304	326	14	353
61	164	24	143	349
324	471	335	153	273
280	294	97	22	256
111	406	47	367	230
244	352	307	82	494
89	471	350	82	245
226	294	406	352	14
207	499	258	467	319
158	70	448	489	469
263	46	32	387	403
333	91	241	360	107
49	16	19	387	460
252	127	294	173	322
8	326	451	268	102
107	339	422	432	43
168	469	444	251	252
257	283	77	268	329
135	399	151	58	268
48	493	430	106	278
5	456	45	104	146
466	210	164	358	340
488	470	158	185	17
205	241	100	276	142
481	402	5	398	446
217	330	59	260	379
367	147	1	492	419
444	217	6	316	285
412	45	46	93	81
109	288	77	140	270
275	135	150	72	248
436	298	139	90	270
444	270	415	459	36
42	56	180	440	372
361	104	250	153	372
50	456	123	384	500
269	362	8	449	330
372	424	271	300	89
164	295	10	395	173
33	244	187	170	324
14	53	330	1	87
472	409	255	223	318
183	57	98	433	409
474	85	379	256	197
291	437	252	204	413
470	281	357	147	351
429	397	457	269	216
338	125	261	429	229
15	357	81	35	328
325	314	320	172	368
48	116	343	262	438
437	432	253	304	256
8	27	49	238	401
377	345	321	380	134
335	366	161	123	290
78	182	351	85	283
58	203	80	303	200
278	350	351	129	61
363	483	380	371	49
343	27	34	123	318
58	31	427	355	437
335	119	205	294	70
176	35	490	317	37
42	19	220	155	192
154	379	213	376	86
11	321	288	143	494
60	262	29	342	293
490	80	349	407	480
290	270	437	70	466
398	17	210	263	13
428	420	97	67	128
228	325	164	210	218
419	331	206	4	280
422	201	203	318	352
95	400	128	232	303
356	331	411	166	214
69	412	80	219	401
383	13	28	81	371
252	41	120	478	308
92	26	265	196	497
185	433	355	331	121
311	39	441	272	191
299	371	428	9	396
236	495	53	308	213
485	247	369	272	359
94	456	461	431	485
201	321	192	106	96
154	249	295	154	348
387	381	459	234	429
408	297	446	51	171
303	444	168	184	436
299	491	113	221	46
297	326	131	157	77
139	467	307	279	244
28	348	330	51	194
296	431	104	379	49
321	155	160	210	288
118	280	266	115	298
163	146	134	83	86
197	44	172	417	497
392	465	470	416	299
410	33	296	267	451
218	108	241	415	157
327	240	101	416	482
144	426	397	291	95
16	133	452	166	311
312	374	258	163	185
498	166	348	414	462
394	162	377	210	27
49	309	17	137	320
265	253	36	430	449
340	233	466	257	19
154	240	171	194	284
438	474	279	236	448
266	475	19	364	262
133	177	276	457	117
15	411	195	300	114
277	387	24	222	290
281	402	447	415	321
461	460	299	230	286
432	116	472	307	254
181	132	442	78	262
359	261	39	442	35
271	486	29	101	47
469	289	406	420	61
267	393	336	56	25
421	492	87	407	366
395	152	298	30	393
415	79	8	320	32
246	357	405	401	173
193	420	197	123	331
1	242	398	200	156
387	26	329	406	43
138	229	389	84	359
465	114	216	22	209
236	119	373	103	426
43	476	431	141	323
41	158	113	157	9
459	155	251	246	338
428	457	15	207	394
160	437	23	261	283
484	354	133	210	294
372	204	88	142	374
216	151	347	41	130
267	235	242	201	151
187	54	149	275	460
278	218	231	158	404
349	473	96	109	407
320	157	146	19	43
55	384	108	57	372
24	47	412	59	411
228	375	293	293	304
264	294	371	242	456
277	475	8	232	364
209	116	350	404	308
167	108	403	223	237
489	215	313	42	412
442	169	454	269	33
451	441	175	292	124
196	443	228	477	321
177	267	384	282	381
469	232	311	230	498
325	483	321	73	373
150	12	244	3	428