number insertion            heap           merge           quick
     1	       0	       0	       0	       0	
     2	       0	       0	       0	       0	
     3	       0	       0	       0	       0	
     4	       0	       0	       0	       0	
     5	       0	       0	       0	       0	
     6	       0	       0	       0	       0	
     7	       0	       0	       0	       0	
     8	       0	       0	       0	       0	
     9	       0	       0	       0	       0	
    10	       0	       0	       0	       0	
    11	       0	       0	       0	       0	
    12	       0	       0	       0	       0	
    13	       0	       0	       0	       0	
    14	       0	       0	       0	       0	
    15	       0	       0	       0	       0	
    16	       0	       0	       0	       0	
    17	       0	       0	       0	       0	
    18	       0	       0	       0	       0	
    19	       0	       0	       0	       0	
    20	       0	       0	       0	       0	
  1000	       0	       0	       0	       0	
  2000	       0	       0	       0	       0	
  3000	       0	       0	       0	       0	
  4000	   10000	       0	       0	       0	
  5000	   10000	   10000	       0	       0	
  6000	   20000	       0	       0	       0	
  7000	   20000	   10000	       0	       0	
  8000	   40000	       0	       0	       0	
  9000	   50000	       0	       0	       0	
 10000	   60000	   10000	       0	       0	
 11000	   80000	       0	       0	       0	
 12000	   90000	   10000	       0	       0	
 13000	  120000	       0	       0	       0	
 14000	  130000	       0	   10000	       0	
 15000	  160000	       0	       0	   10000	
 16000	  190000	       0	       0	   10000	
 17000	  220000	   10000	       0	       0	
 18000	  230000	       0	   10000	       0	
 19000	  250000	       0	   10000	       0	
 20000	  280000	       0	   10000	       0	
 21000	  300000	   10000	       0	   10000	
 22000	  360000	       0	       0	   10000	
 23000	  400000	   10000	       0	   10000	
 24000	  400000	   10000	       0	   10000	
 25000	  440000	       0	   10000	       0	
 26000	  470000	   10000	       0	   10000	
 27000	  520000	       0	   10000	       0	
 28000	  540000	   10000	   10000	       0	
 29000	  610000	   10000	       0	   10000	
 30000	  630000	   10000	       0	       0	
 31000	  680000	       0	   10000	       0	
 32000	  710000	   10000	       0	   10000	
 33000	  770000	   10000	       0	   10000	
 34000	  800000	   20000	       0	       0	
 35000	  850000	   10000	   10000	       0	
 36000	  930000	   10000	   10000	       0	
 37000	  960000	   10000	   10000	       0	
 38000	 1030000	   10000	   10000	       0	
 39000	 1070000	   10000	       0	   10000	
 40000	 1130000	   10000	   10000	   10000	
 41000	 1170000	   10000	   10000	   10000	
 42000	 1230000	   10000	   10000	   10000	
 43000	 1290000	   10000	   10000	   10000	
 44000	 1380000	   20000	       0	   10000	
 45000	 1430000	   10000	   10000	       0	
 46000	 1470000	   20000	   10000	       0	
 47000	 1560000	   10000	   10000	   10000	
 48000	 1600000	   20000	       0	   10000	
 49000	 1680000	   10000	   10000	   10000	
 50000	 1780000	   10000	   10000	   10000	
 51000	 1820000	   20000	       0	   10000	
 52000	 1900000	   10000	   10000	   10000	
 53000	 2000000	   10000	   10000	   10000	
 54000	 2060000	   20000	   10000	   10000	
 55000	 2190000	   20000	   10000	       0	
 56000	 2400000	   10000	   20000	   10000	
 57000	 2540000	   10000	   10000	   10000	
 58000	 2440000	   20000	   10000	       0	
 59000	 2460000	   20000	       0	   20000	
 60000	 2510000	   10000	   20000	       0	
 61000	 2620000	   20000	   10000	   10000	
 62000	 2690000	   20000	   10000	   10000	
 63000	 2790000	   20000	   10000	   10000	
 64000	 2850000	   10000	   20000	       0	
 65000	 3020000	   20000	   10000	   10000	
 66000	 3100000	   20000	   20000	       0	
 67000	 3200000	   20000	   10000	   10000	
 68000	 3250000	   20000	   20000	       0	
 69000	 3370000	   20000	   10000	   10000	
 70000	 3440000	   20000	   10000	   10000	
 71000	 3550000	   20000	   10000	   10000	
 72000	 3690000	   20000	   10000	   10000	
 73000	 3740000	   30000	   10000	   10000	
 74000	 3850000	   20000	   10000	   20000	
 75000	 4100000	   20000	   20000	   10000	
 76000	 4170000	   20000	   10000	   10000	
 77000	 4200000	   20000	   20000	   10000	
 78000	 4310000	   20000	   20000	   10000	
 79000	 4400000	   30000	   20000	   10000	
 80000	 4530000	   20000	   20000	   10000	
 81000	 4680000	   20000	   20000	   10000	
 82000	 4720000	   20000	   20000	   10000	
 83000	 4780000	   20000	   20000	   10000	
 84000	 4920000	   30000	   10000	   10000	
 85000	 5010000	   30000	   10000	   10000	
 86000	 5180000	   20000	   20000	   10000	
 87000	 5280000	   30000	   10000	   10000	
 88000	 5690000	   30000	   10000	   10000	
 89000	 5560000	   30000	   10000	   20000	
 90000	 5830000	   30000	   10000	   20000	
 91000	 5760000	   30000	   20000	   10000	
 92000	 5820000	   20000	   20000	   10000	
 93000	 5900000	   30000	   10000	   10000	
 94000	 6070000	   20000	   20000	   10000	
 95000	 6240000	   30000	   20000	   10000	
 96000	 6330000	   30000	   10000	   20000	
 97000	 6450000	   30000	   20000	   10000	
 98000	 6810000	   30000	   20000	   10000	
 99000	 6690000	   30000	   20000	   10000	
100000	 6850000	   30000	   20000	   10000	
